17

2 5 7 10 13 17 19 21 25 29 32 34 37 
0 3 8 11 12 15 18 22 26 28 30 34 36 
1 3 6 9 14 17 20 23 24 27 31 35 38 
0 4 7 9 13 16 20 22 24 28 32 33 37 
2 4 8 11 14 16 19 23 25 27 30 33 36 
1 4 6 10 12 16 18 21 26 29 31 33 38 
1 5 6 11 13 15 19 22 25 28 31 35 38 
2 5 7 9 12 15 18 23 26 27 32 35 37 
0 5 8 10 14 15 20 21 24 29 30 35 36 
2 3 7 11 14 16 20 22 24 29 32 34 38 
0 3 6 9 13 17 18 23 25 27 30 34 36 
0 3 8 9 12 17 19 21 26 28 31 33 37 
1 4 7 10 14 15 18 23 26 28 30 34 37 
1 4 8 11 12 17 20 21 25 27 32 35 36 
2 3 7 10 12 17 18 22 24 27 31 34 36 
0 5 8 9 13 15 20 23 26 29 30 33 38 
2 5 6 11 13 16 19 22 24 28 32 35 37 
