206

1 13 20 34 44 56 65 77 81 90 108 112 122 131 142 151 169 176 188 196 
9 12 26 36 45 51 64 78 85 90 106 110 124 132 148 155 166 178 189 192 
9 15 29 30 40 50 65 72 86 91 103 114 123 130 146 159 167 170 184 195 
5 16 24 38 45 53 60 74 84 94 102 114 120 137 145 156 164 174 188 199 
6 17 28 39 41 52 68 79 89 90 107 113 121 133 145 157 167 171 186 198 
3 14 29 32 44 57 69 78 80 94 109 117 127 134 147 154 160 171 187 197 
1 19 23 37 40 53 63 71 82 98 109 119 124 138 143 152 165 177 183 191 
3 10 21 35 42 55 66 77 89 93 104 114 126 135 144 150 161 179 189 193 
3 18 27 31 40 52 64 70 83 92 105 115 128 136 142 153 163 174 180 190 
8 11 22 30 49 54 60 75 81 95 107 111 124 139 144 154 163 173 182 194 
7 13 25 31 46 51 61 72 87 96 102 118 125 135 141 158 168 171 183 194 
0 10 24 34 47 58 62 76 82 99 105 110 129 139 147 159 168 172 185 198 
0 14 28 33 43 59 67 73 88 97 108 116 124 135 149 156 162 175 180 195 
4 17 25 36 48 50 62 70 84 99 100 117 126 138 140 151 169 175 182 192 
2 15 27 36 49 57 68 74 85 96 101 119 129 131 149 153 164 179 181 196 
2 18 22 39 48 58 61 75 88 91 109 112 120 133 148 150 166 176 184 191 
8 16 23 35 46 56 67 75 80 97 104 115 129 132 140 158 160 170 186 199 
7 11 26 33 42 57 62 73 86 99 104 118 128 137 146 157 165 176 181 190 
6 12 23 38 47 54 66 71 87 95 100 112 123 134 142 155 162 172 181 193 
4 18 20 32 43 55 60 79 83 93 101 116 125 132 143 157 168 172 184 197 
4 19 27 33 45 54 65 73 80 95 103 113 127 133 141 152 161 178 185 199 
5 16 21 39 41 51 63 73 83 98 100 111 122 136 149 159 160 173 187 196 
7 19 21 32 47 59 64 74 81 91 106 118 121 130 140 152 164 175 185 197 
6 13 24 35 48 59 69 76 83 96 106 119 127 136 146 156 166 177 182 193 
4 15 22 37 44 58 66 78 86 92 108 111 121 137 141 158 162 177 189 198 
8 19 25 37 43 56 61 76 85 92 103 116 120 134 144 155 167 179 187 190 
2 19 20 33 46 55 69 71 89 94 105 110 123 130 145 158 169 173 180 192 
9 13 26 30 43 58 63 74 87 98 107 116 128 138 147 151 161 174 186 193 
5 10 20 31 49 52 67 71 86 97 106 117 120 131 146 154 161 178 183 198 
7 17 27 34 42 55 67 78 84 97 107 119 125 134 148 159 163 177 188 195 
0 11 21 31 44 53 68 77 84 91 101 113 127 132 147 155 165 170 180 194 
1 14 29 35 47 56 68 79 87 93 102 117 126 137 148 153 166 173 185 191 
6 17 29 38 45 59 63 72 86 98 101 115 122 139 144 150 169 178 181 197 
1 12 28 30 42 50 60 70 82 96 105 113 120 132 141 150 160 175 187 191 
6 11 22 38 47 51 69 70 88 94 103 114 125 131 143 151 165 179 186 196 
2 14 26 34 41 54 61 70 82 95 102 115 127 130 143 157 164 170 189 195 
5 11 20 39 48 50 66 72 80 90 104 110 128 134 143 153 162 174 185 194 
8 10 29 36 41 53 64 75 89 96 108 116 128 136 141 152 165 172 188 192 
8 15 24 32 46 57 63 76 88 98 100 113 126 133 142 156 163 176 189 194 
2 12 24 31 42 55 62 75 80 93 103 111 122 138 149 156 167 171 183 196 
5 16 26 37 40 55 69 79 85 93 108 112 127 139 140 155 163 175 184 199 
0 12 26 32 48 50 67 77 89 92 109 111 125 131 145 152 168 173 181 190 
4 16 28 34 48 52 63 71 85 98 101 118 123 135 141 154 166 170 188 190 
9 18 28 32 49 54 62 72 83 99 109 114 121 136 148 158 169 179 188 191 
7 18 23 36 41 56 65 79 82 94 103 118 122 135 147 150 162 177 182 192 
7 16 22 38 43 53 68 77 88 95 105 110 121 138 146 153 160 178 187 195 
0 14 25 30 45 52 61 78 81 93 104 119 123 136 142 151 168 177 186 199 
3 13 21 37 49 51 60 70 87 97 101 110 129 133 145 152 167 176 182 195 
1 11 24 33 40 51 66 76 84 92 107 117 121 130 149 150 164 172 186 191 
0 17 23 35 49 57 64 79 88 93 106 112 128 130 141 159 169 174 187 190 
9 10 22 39 44 57 67 70 88 90 102 119 123 137 140 155 161 172 182 197 
3 10 28 35 46 53 65 74 84 92 103 112 122 139 143 157 166 175 181 198 
9 15 25 33 42 53 69 73 81 90 100 115 129 135 148 154 168 174 184 198 
9 15 27 34 41 59 60 71 89 99 104 112 126 132 145 155 160 171 183 197 
5 16 20 38 46 54 64 78 82 91 100 119 128 131 144 150 167 171 180 191 
8 14 23 36 44 56 66 74 83 99 105 113 125 133 146 159 164 178 180 193 
8 17 27 30 40 58 68 73 80 94 106 118 120 135 143 153 169 172 189 193 
3 15 24 35 45 54 67 79 82 97 105 118 121 134 149 151 165 178 184 196 
1 12 25 39 43 58 64 71 80 97 108 114 127 130 147 157 163 179 181 194 
2 17 23 38 47 53 61 72 83 92 108 111 126 132 149 154 161 176 185 192 
7 18 28 39 45 57 66 76 84 91 108 115 129 138 144 151 162 173 183 193 
4 13 23 32 42 51 68 73 89 91 109 116 123 139 144 153 163 170 185 196 
6 16 27 31 43 50 65 78 81 99 109 116 126 130 140 154 165 173 189 199 
3 19 23 39 41 59 62 77 81 96 107 117 125 131 148 156 162 170 184 199 
3 17 21 33 47 50 65 75 85 98 102 112 124 137 146 158 168 179 180 196 
5 12 20 35 44 57 61 72 86 95 107 114 129 138 142 152 166 179 180 197 
4 18 29 34 49 55 61 76 87 94 104 113 124 131 140 159 160 174 181 192 
2 13 26 36 40 59 67 72 81 97 100 114 126 133 143 158 160 172 187 190 
0 11 29 36 46 58 60 77 85 94 100 119 121 136 142 157 161 170 183 195 
0 12 22 37 40 52 65 74 88 95 104 117 122 132 144 158 167 174 188 193 
1 19 26 36 43 52 62 71 88 91 102 111 129 134 142 150 164 171 182 198 
1 10 22 37 42 59 64 72 85 95 106 113 128 133 145 154 162 173 186 196 
8 18 28 31 47 56 63 78 89 95 102 110 122 137 145 154 164 177 184 194 
6 14 27 30 48 56 64 77 86 90 102 114 128 139 149 158 164 176 183 198 
5 10 25 32 40 58 68 75 81 99 101 115 124 134 145 156 161 177 187 192 
9 14 21 33 41 56 69 72 82 96 101 111 120 138 140 157 163 174 181 191 
6 19 28 37 44 55 69 75 84 96 100 118 124 135 142 153 167 178 185 197 
2 14 20 38 45 50 62 77 83 99 107 118 129 135 141 155 163 175 186 194 
5 17 22 34 44 52 66 73 82 96 103 110 126 136 147 156 169 173 184 190 
8 17 20 32 46 52 69 70 87 91 109 116 127 137 149 159 162 178 188 194 
4 11 29 31 46 55 62 74 82 90 106 111 123 133 148 152 165 179 187 193 
2 11 24 31 49 54 63 78 86 98 108 114 125 134 140 153 168 175 182 192 
8 19 25 34 41 51 66 79 86 93 109 110 129 131 146 157 161 175 188 193 
4 12 21 30 41 53 67 76 80 97 101 112 125 137 142 153 169 171 186 192 
7 18 24 30 44 50 68 71 85 97 104 115 122 139 141 156 165 179 185 195 
6 10 21 38 40 57 60 73 80 92 105 116 121 130 148 151 166 177 182 190 
7 12 26 33 49 56 63 79 84 91 105 117 123 136 143 154 161 171 189 194 
2 16 29 33 49 58 66 70 87 90 106 118 126 139 146 151 160 177 180 199 
1 18 25 37 48 54 67 74 80 94 107 115 122 136 146 155 167 176 189 191 
0 15 20 38 42 55 63 75 83 92 102 117 124 133 147 152 169 170 189 198 
9 15 23 34 47 52 60 75 80 90 106 113 127 138 144 150 168 173 188 195 
5 13 27 39 48 53 62 79 87 93 105 119 124 130 144 157 162 176 189 197 
7 14 29 39 48 54 60 76 89 98 100 110 120 132 142 159 165 175 186 196 
2 19 25 38 48 51 65 70 81 97 104 113 128 137 147 159 166 172 183 195 
4 13 22 36 47 55 64 77 88 99 107 115 120 137 149 152 168 170 182 199 
8 11 26 32 45 59 65 71 83 96 109 112 120 138 141 151 167 171 189 195 
5 15 28 33 40 59 61 77 89 90 106 116 125 134 147 159 166 176 182 191 
8 13 24 36 42 50 63 70 86 94 101 112 121 136 144 155 164 173 185 198 
9 11 21 35 40 52 62 78 87 94 108 113 129 139 143 156 163 178 187 190 
1 10 27 37 45 57 68 75 83 91 100 110 125 135 145 159 168 170 187 199 
3 15 20 30 43 51 68 74 88 95 108 119 120 136 140 150 169 177 185 190 
9 16 21 35 43 54 61 71 84 90 103 117 122 133 141 153 168 176 183 199 
0 10 27 39 46 51 69 74 86 98 103 118 127 138 148 154 164 172 184 194 
6 13 28 36 45 58 69 76 84 93 104 111 128 132 140 152 160 179 184 195 
7 18 28 32 43 59 66 75 86 94 105 119 126 131 145 152 166 174 186 196 
2 17 24 37 44 52 64 76 84 95 101 116 123 131 148 158 160 175 183 197 
4 18 26 35 46 50 63 73 81 96 101 114 120 130 146 155 162 171 188 197 
4 12 29 31 49 59 69 73 83 92 102 119 121 135 140 150 165 176 183 194 
5 19 23 30 42 58 66 72 88 99 102 110 127 136 145 151 167 175 181 197 
1 13 26 38 41 57 60 76 89 93 103 118 122 134 145 158 161 178 180 191 
3 14 22 35 42 56 61 71 85 98 100 111 121 130 143 159 169 172 180 192 
6 19 29 32 47 59 67 78 87 97 103 110 129 137 149 150 163 174 189 193 
3 12 25 34 44 55 68 72 81 98 105 112 128 133 149 155 162 177 182 199 
6 15 24 39 45 56 62 73 85 91 107 117 126 132 141 157 169 177 180 190 
2 10 22 30 47 56 62 79 89 92 109 118 127 135 142 156 160 174 183 195 
5 19 27 32 49 57 65 70 82 91 108 111 122 132 146 156 163 172 186 197 
9 19 21 35 46 58 60 79 80 99 109 115 123 131 147 153 164 172 188 196 
0 11 23 37 43 50 65 70 89 93 106 115 121 139 148 158 166 171 181 194 
7 16 20 31 47 53 60 78 86 96 104 116 124 133 144 151 169 172 181 199 
3 16 20 36 41 59 61 73 80 92 100 113 123 139 145 156 162 179 188 198 
9 13 21 33 48 54 68 77 82 95 104 119 125 130 142 154 161 175 187 198 
1 16 25 31 44 57 63 78 88 99 106 114 120 139 143 157 167 173 185 192 
0 13 29 32 46 53 66 71 85 95 107 113 127 134 143 158 165 176 182 196 
6 11 24 34 41 50 61 74 85 95 105 111 128 135 147 151 168 170 187 191 
7 15 22 33 44 55 64 73 87 93 109 113 122 134 144 151 164 170 186 192 
4 10 22 39 49 54 63 77 80 92 101 116 129 138 145 158 165 171 185 193 
0 14 26 34 45 55 63 75 87 92 104 114 121 131 146 154 169 179 182 194 
9 17 29 37 44 51 62 77 81 90 105 112 129 130 140 156 168 178 181 191 
7 10 25 37 42 50 61 79 87 99 104 111 127 132 149 153 165 178 180 198 
5 11 25 30 43 57 69 77 82 95 108 118 126 133 148 159 167 170 188 197 
3 11 23 31 48 58 67 73 85 99 102 116 125 138 144 159 160 179 189 198 
5 11 28 38 40 56 64 79 81 94 103 119 124 132 141 158 168 173 184 193 
0 18 27 32 41 56 61 72 88 90 101 117 128 137 147 151 163 175 189 198 
4 14 24 39 40 58 65 72 89 99 103 119 122 133 140 152 162 171 188 190 
8 19 22 31 41 55 62 78 83 97 101 112 123 138 144 154 166 176 181 191 
2 17 28 34 43 52 60 72 89 91 100 117 124 130 146 152 165 179 185 192 
5 18 23 30 47 59 67 76 84 98 106 111 123 131 149 157 166 178 187 199 
6 14 26 39 46 59 68 78 82 92 106 113 129 135 144 153 161 177 184 196 
3 16 20 30 42 54 65 74 85 97 100 110 126 134 141 152 164 173 183 197 
7 15 20 35 40 58 67 70 83 96 103 115 121 139 142 154 161 173 184 193 
8 13 29 33 46 52 64 75 82 99 108 117 125 135 143 155 168 174 181 195 
4 12 27 35 47 57 66 71 81 98 105 110 124 137 140 159 167 171 187 195 
3 16 27 38 49 50 63 76 86 90 109 113 127 132 148 157 160 170 186 193 
6 18 26 33 42 53 69 78 83 94 105 118 127 131 144 159 161 179 183 190 
2 18 21 38 45 51 67 71 82 93 100 116 128 136 147 158 162 178 186 198 
0 19 23 33 45 54 68 76 82 96 107 114 126 137 143 153 160 176 188 197 
8 14 27 38 44 53 62 77 85 96 106 117 123 130 145 150 163 172 183 196 
1 17 25 32 49 59 64 74 89 93 104 116 124 138 142 155 164 174 182 199 
9 12 20 37 46 51 64 75 80 98 102 114 126 132 146 151 162 177 185 190 
1 15 21 39 48 55 65 70 86 95 107 112 121 135 147 156 163 171 184 192 
9 16 20 32 44 58 65 71 89 97 102 113 125 136 149 155 165 174 187 197 
8 15 20 39 47 55 67 72 84 94 109 111 128 131 141 155 164 175 182 190 
9 13 24 31 42 55 66 76 81 92 102 118 129 136 148 154 161 178 180 192 
3 10 26 35 41 50 66 73 80 91 104 119 120 131 142 158 163 176 180 191 
0 12 25 37 41 57 60 79 80 99 108 114 124 135 140 150 164 170 184 198 
8 10 23 34 48 54 69 78 88 93 107 119 120 137 147 154 167 178 180 199 
6 19 24 36 48 57 65 77 87 98 103 119 120 130 145 153 160 175 184 194 
5 17 29 31 43 56 60 79 88 96 100 112 124 137 144 152 165 170 186 195 
7 11 28 37 47 52 69 77 80 97 105 114 122 131 145 155 169 172 189 196 
1 17 26 36 40 54 67 71 82 95 109 110 127 131 144 156 166 177 185 197 
6 14 25 35 49 51 68 70 83 91 103 116 121 134 146 150 160 174 181 199 
5 16 25 34 40 53 62 79 83 98 104 116 120 135 141 153 161 173 181 196 
1 15 22 31 45 50 69 75 88 94 108 110 123 133 143 157 167 172 183 191 
1 13 26 39 42 59 66 70 80 97 101 115 126 132 149 159 168 178 182 195 
4 14 29 33 44 51 60 74 84 96 109 118 128 132 140 156 164 173 180 198 
9 16 28 38 41 51 69 78 87 99 106 115 126 135 142 152 163 170 181 194 
1 14 24 37 46 53 61 73 81 99 107 112 124 132 140 157 167 177 181 193 
0 16 27 38 49 58 66 72 81 94 100 116 127 138 140 150 166 178 182 192 
6 14 29 31 42 57 60 74 83 90 108 111 124 136 145 158 162 171 188 190 
2 16 22 32 41 58 61 73 84 92 107 110 123 135 146 157 161 179 183 196 
4 18 21 30 45 56 65 70 89 98 101 117 129 134 142 157 169 170 181 191 
5 14 21 36 43 56 68 77 85 92 109 113 127 139 149 152 169 174 186 191 
8 12 23 30 46 55 63 75 83 93 103 115 128 133 148 155 164 175 180 197 
9 18 23 39 41 59 68 77 86 93 100 119 125 139 143 150 165 177 185 192 
6 11 20 34 46 50 64 74 83 94 104 113 122 130 148 158 160 177 186 195 
3 15 26 37 42 52 62 79 82 95 106 112 122 138 140 154 161 176 187 194 
7 19 22 36 46 50 60 76 81 90 101 117 125 139 149 159 167 176 189 190 
7 12 21 30 49 56 67 71 88 92 106 118 121 130 148 159 162 175 184 191 
2 11 27 35 40 59 68 79 81 97 109 111 121 137 148 157 160 179 182 199 
6 17 29 35 40 55 67 74 85 91 102 114 120 138 145 151 163 170 186 194 
2 10 28 33 43 58 64 72 80 93 102 117 127 131 144 156 161 175 184 193 
4 12 29 38 45 52 66 75 85 96 103 116 122 130 147 159 160 171 185 193 
5 10 26 31 44 54 69 79 89 94 106 113 123 135 141 151 169 174 183 192 
3 15 24 36 43 53 63 70 89 90 109 116 123 132 143 154 163 172 188 199 
4 17 26 34 47 57 61 73 87 97 101 119 129 136 140 155 164 173 187 196 
0 16 27 37 49 53 65 76 81 90 102 110 120 135 147 153 164 176 186 191 
8 14 21 34 42 50 69 77 83 92 108 114 124 137 142 153 166 171 180 199 
9 19 27 31 41 58 68 76 83 95 107 114 121 134 141 151 168 178 189 190 
9 12 25 32 47 50 67 78 81 94 106 113 127 139 146 152 161 173 180 194 
4 13 20 30 48 52 64 76 82 98 108 111 129 132 148 150 160 177 188 196 
2 16 22 33 44 59 65 70 85 96 105 113 124 134 147 157 167 175 188 194 
1 10 26 35 49 54 67 76 82 99 107 115 125 138 145 159 162 173 187 190 
5 19 23 33 41 52 62 79 86 94 101 115 121 132 145 155 165 177 187 191 
8 13 26 36 49 54 68 78 80 90 106 119 129 137 145 158 163 176 183 193 
4 16 25 31 47 56 66 75 81 99 107 111 125 132 145 155 166 170 185 197 
6 11 20 35 43 59 63 71 80 96 104 118 121 133 149 154 162 174 187 192 
6 18 28 34 41 53 63 74 89 97 104 115 125 135 149 154 169 171 183 195 
7 16 20 39 46 55 68 75 82 95 107 112 120 139 146 153 166 173 184 199 
4 14 28 33 41 59 66 71 83 95 101 117 128 134 149 154 165 173 188 199 
2 17 21 33 46 51 60 78 86 92 106 118 121 139 143 159 165 176 180 197 
2 16 20 33 40 54 65 75 85 94 106 117 126 132 149 156 163 176 184 198 
7 19 20 37 46 59 62 74 88 91 106 110 122 132 148 154 163 172 189 192 
9 15 23 33 43 57 60 74 82 99 102 115 129 131 144 154 166 173 182 193 
0 13 25 30 49 55 61 77 82 98 106 111 123 133 140 156 169 176 187 198 
3 12 26 37 47 52 69 77 81 98 109 117 122 131 144 158 160 173 185 195 
9 13 24 36 40 58 63 75 88 96 109 115 128 137 142 158 163 173 186 190 
